# Waveform settings File (Do not edit this line)
#-- CycleTron fCRIC timing file C:\Users\Peter\Google Drive\Detectorstan\Timing-11.2013\2013_Nov_30-09_28_CCD_timing.txt
8200 0000
8201 0001
8001 0103
8200 0002
8201 0001
8001 0103
8200 0004
8201 0000
8001 0103
8200 0006
8201 0000
8001 0103
8200 0008
8201 0000
8001 0103
8200 000A
8201 0000
8001 0103
8200 000C
8201 0000
8001 0103
8200 000E
8201 0078
8001 0103
8200 0010
8201 0001
8001 0103
8200 0012
8201 0000
8001 0103
8200 0014
8201 0001
8001 0103
8200 0016
8201 0001
8001 0103
8200 0018
8201 0001
8001 0103
8200 001A
8201 0000
8001 0103
8200 001C
8201 0001
8001 0103
8200 001E
8201 0001
8001 0103
8200 0020
8201 0000
8001 0103
8200 0022
8201 0001
8001 0103
8200 0024
8201 0000
8001 0103
8200 0026
8201 0001
8001 0103
8200 0028
8201 0000
8001 0103
8200 002A
8201 0000
8001 0103
8200 002C
8201 0000
8001 0103
8200 002E
8201 000A
8001 0103
8200 0030
8201 001E
8001 0103
8200 0032
8201 0032
8001 0103
8200 0034
8201 0032
8001 0103
8200 0036
8201 000A
8001 0103
8200 0038
8201 001E
8001 0103
8200 003A
8201 0032
8001 0103
8200 003C
8201 00FE
8001 0103
8200 003E
8201 00FE
8001 0103
8200 0040
8201 00FE
8001 0103
8200 0042
8201 00FE
8001 0103
8200 0044
8201 00FE
8001 0103
8200 0046
8201 00FE
8001 0103
8200 0048
8201 00FE
8001 0103
8200 004A
8201 0000
8001 0103
8200 004C
8201 0046
8001 0103
8200 004E
8201 005A
8001 0103
8200 0050
8201 006E
8001 0103
8200 0052
8201 006E
8001 0103
8200 0054
8201 0046
8001 0103
8200 0056
8201 005A
8001 0103
8200 0058
8201 006E
8001 0103
8200 005A
8201 00FF
8001 0103
8200 005C
8201 00FF
8001 0103
8200 005E
8201 00FF
8001 0103
8200 0060
8201 00FF
8001 0103
8200 0062
8201 00FF
8001 0103
8200 0064
8201 00FF
8001 0103
8200 0066
8201 00FF
8001 0103
8200 0068
8201 0000
8001 0103
8200 006A
8201 0002
8001 0103
8200 006C
8201 0000
8001 0103
8200 006E
8201 000C
8001 0103
8200 0070
8201 0000
8001 0103
8200 0072
8201 0000
8001 0103
8200 0074
8201 0000
8001 0103
8200 0076
8201 0000
8001 0103
8200 0078
8201 0000
8001 0103
8200 007A
8201 0000
8001 0103
8200 007C
8201 0027
8001 0103
8200 007E
8201 0001
8001 0103
8200 0080
8201 0000
8001 0103
8200 0082
8201 0001
8001 0103
8200 0084
8201 0001
8001 0103
8200 0086
8201 0001
8001 0103
8200 0088
8201 0000
8001 0103
8200 008A
8201 0001
8001 0103
8200 008C
8201 0001
8001 0103
8200 008E
8201 0000
8001 0103
8200 0090
8201 0001
8001 0103
8200 0092
8201 0000
8001 0103
8200 0094
8201 0001
8001 0103
8200 0096
8201 0000
8001 0103
8200 0098
8201 0000
8001 0103
8200 009A
8201 0000
8001 0103
8200 009C
8201 00FE
8001 0103
8200 009E
8201 00FE
8001 0103
8200 00A0
8201 00FE
8001 0103
8200 00A2
8201 00FE
8001 0103
8200 00A4
8201 00FE
8001 0103
8200 00A6
8201 00FE
8001 0103
8200 00A8
8201 00FE
8001 0103
8200 00AA
8201 0008
8001 0103
8200 00AC
8201 0005
8001 0103
8200 00AE
8201 0002
8001 0103
8200 00B0
8201 001B
8001 0103
8200 00B2
8201 0002
8001 0103
8200 00B4
8201 00FE
8001 0103
8200 00B6
8201 00FE
8001 0103
8200 00B8
8201 0000
8001 0103
8200 00BA
8201 00FF
8001 0103
8200 00BC
8201 00FF
8001 0103
8200 00BE
8201 00FF
8001 0103
8200 00C0
8201 00FF
8001 0103
8200 00C2
8201 00FF
8001 0103
8200 00C4
8201 00FF
8001 0103
8200 00C6
8201 00FF
8001 0103
8200 00C8
8201 0011
8001 0103
8200 00CA
8201 000E
8001 0103
8200 00CC
8201 000B
8001 0103
8200 00CE
8201 001D
8001 0103
8200 00D0
8201 0011
8001 0103
8200 00D2
8201 00FF
8001 0103
8200 00D4
8201 00FF
8001 0103
8200 00D6
8201 0000
8001 0103
8200 00D8
8201 0002
8001 0103
8200 00DA
8201 0000
8001 0103
8200 00DC
8201 0001
8001 0103
8200 00DE
8201 0003
8001 0103
8200 00E0
8201 0000
8001 0103
8200 00E2
8201 0000
8001 0103
8200 00E4
8201 0000
8001 0103
8200 00E6
8201 0000
8001 0103
8200 00E8
8201 0000
8001 0103
8200 00EA
8201 00C8
8001 0103
8200 00EC
8201 0001
8001 0103
8200 00EE
8201 0000
8001 0103
8200 00F0
8201 0001
8001 0103
8200 00F2
8201 0001
8001 0103
8200 00F4
8201 0001
8001 0103
8200 00F6
8201 0000
8001 0103
8200 00F8
8201 0001
8001 0103
8200 00FA
8201 0001
8001 0103
8200 00FC
8201 0000
8001 0103
8200 00FE
8201 0001
8001 0103
8200 0100
8201 0000
8001 0103
8200 0102
8201 0001
8001 0103
8200 0104
8201 0000
8001 0103
8200 0106
8201 0000
8001 0103
8200 0108
8201 0000
8001 0103
8200 010A
8201 00FE
8001 0103
8200 010C
8201 00FE
8001 0103
8200 010E
8201 00FE
8001 0103
8200 0110
8201 00FE
8001 0103
8200 0112
8201 00FE
8001 0103
8200 0114
8201 00FE
8001 0103
8200 0116
8201 00FE
8001 0103
8200 0118
8201 00FE
8001 0103
8200 011A
8201 00FE
8001 0103
8200 011C
8201 00FE
8001 0103
8200 011E
8201 00FE
8001 0103
8200 0120
8201 00FE
8001 0103
8200 0122
8201 00FE
8001 0103
8200 0124
8201 00FE
8001 0103
8200 0126
8201 0000
8001 0103
8200 0128
8201 00FF
8001 0103
8200 012A
8201 00FF
8001 0103
8200 012C
8201 00FF
8001 0103
8200 012E
8201 00FF
8001 0103
8200 0130
8201 00FF
8001 0103
8200 0132
8201 00FF
8001 0103
8200 0134
8201 00FF
8001 0103
8200 0136
8201 00FF
8001 0103
8200 0138
8201 00FF
8001 0103
8200 013A
8201 00FF
8001 0103
8200 013C
8201 00FF
8001 0103
8200 013E
8201 00FF
8001 0103
8200 0140
8201 00FF
8001 0103
8200 0142
8201 00FF
8001 0103
8200 0144
8201 0000
8001 0103
8200 0146
8201 0002
8001 0103
8200 0148
8201 0000
8001 0103
8200 014A
8201 0001
8001 0103
8200 014C
8201 0004
8001 0103
8200 014E
8201 0000
8001 0103
8200 0150
8201 0000
8001 0103
8200 0152
8201 0000
8001 0103
8200 0154
8201 0000
8001 0103
8200 0156
8201 0000
8001 0103
8200 0158
8201 0078
8001 0103
8200 015A
8201 0001
8001 0103
8200 015C
8201 0000
8001 0103
8200 015E
8201 0001
8001 0103
8200 0160
8201 0001
8001 0103
8200 0162
8201 0001
8001 0103
8200 0164
8201 0000
8001 0103
8200 0166
8201 0001
8001 0103
8200 0168
8201 0001
8001 0103
8200 016A
8201 0000
8001 0103
8200 016C
8201 0001
8001 0103
8200 016E
8201 0000
8001 0103
8200 0170
8201 0001
8001 0103
8200 0172
8201 0000
8001 0103
8200 0174
8201 0001
8001 0103
8200 0176
8201 0000
8001 0103
8200 0178
8201 000A
8001 0103
8200 017A
8201 001E
8001 0103
8200 017C
8201 0032
8001 0103
8200 017E
8201 0032
8001 0103
8200 0180
8201 000A
8001 0103
8200 0182
8201 001E
8001 0103
8200 0184
8201 0032
8001 0103
8200 0186
8201 00FE
8001 0103
8200 0188
8201 00FE
8001 0103
8200 018A
8201 00FE
8001 0103
8200 018C
8201 00FE
8001 0103
8200 018E
8201 00FE
8001 0103
8200 0190
8201 00FE
8001 0103
8200 0192
8201 00FE
8001 0103
8200 0194
8201 0000
8001 0103
8200 0196
8201 0046
8001 0103
8200 0198
8201 005A
8001 0103
8200 019A
8201 006E
8001 0103
8200 019C
8201 006E
8001 0103
8200 019E
8201 0046
8001 0103
8200 01A0
8201 005A
8001 0103
8200 01A2
8201 006E
8001 0103
8200 01A4
8201 00FF
8001 0103
8200 01A6
8201 00FF
8001 0103
8200 01A8
8201 00FF
8001 0103
8200 01AA
8201 00FF
8001 0103
8200 01AC
8201 00FF
8001 0103
8200 01AE
8201 00FF
8001 0103
8200 01B0
8201 00FF
8001 0103
8200 01B2
8201 0000
8001 0103
8200 01B4
8201 0002
8001 0103
8200 01B6
8201 0000
8001 0103
8200 01B8
8201 0007
8001 0103
8200 01BA
8201 0005
8001 0103
8200 01BC
8201 0000
8001 0103
8200 01BE
8201 0000
8001 0103
8200 01C0
8201 0000
8001 0103
8200 01C2
8201 0000
8001 0103
8200 01C4
8201 0000
8001 0103
8200 01C6
8201 0027
8001 0103
8200 01C8
8201 0001
8001 0103
8200 01CA
8201 0000
8001 0103
8200 01CC
8201 0001
8001 0103
8200 01CE
8201 0001
8001 0103
8200 01D0
8201 0001
8001 0103
8200 01D2
8201 0000
8001 0103
8200 01D4
8201 0001
8001 0103
8200 01D6
8201 0001
8001 0103
8200 01D8
8201 0000
8001 0103
8200 01DA
8201 0001
8001 0103
8200 01DC
8201 0000
8001 0103
8200 01DE
8201 0001
8001 0103
8200 01E0
8201 0000
8001 0103
8200 01E2
8201 0000
8001 0103
8200 01E4
8201 0000
8001 0103
8200 01E6
8201 00FE
8001 0103
8200 01E8
8201 00FE
8001 0103
8200 01EA
8201 00FE
8001 0103
8200 01EC
8201 00FE
8001 0103
8200 01EE
8201 00FE
8001 0103
8200 01F0
8201 00FE
8001 0103
8200 01F2
8201 00FE
8001 0103
8200 01F4
8201 0008
8001 0103
8200 01F6
8201 0005
8001 0103
8200 01F8
8201 0002
8001 0103
8200 01FA
8201 001B
8001 0103
8200 01FC
8201 0002
8001 0103
8200 01FE
8201 0016
8001 0103
8200 0200
8201 00FE
8001 0103
8200 0202
8201 0000
8001 0103
8200 0204
8201 00FF
8001 0103
8200 0206
8201 00FF
8001 0103
8200 0208
8201 00FF
8001 0103
8200 020A
8201 00FF
8001 0103
8200 020C
8201 00FF
8001 0103
8200 020E
8201 00FF
8001 0103
8200 0210
8201 00FF
8001 0103
8200 0212
8201 0011
8001 0103
8200 0214
8201 000E
8001 0103
8200 0216
8201 000B
8001 0103
8200 0218
8201 001D
8001 0103
8200 021A
8201 0011
8001 0103
8200 021C
8201 0018
8001 0103
8200 021E
8201 00FF
8001 0103
8200 0220
8201 0000
8001 0103
8200 0222
8201 0002
8001 0103
8200 0224
8201 0000
8001 0103
8200 0226
8201 0005
8001 0103
8200 0228
8201 0006
8001 0103
8200 022A
8201 0000
8001 0103
8200 022C
8201 0000
8001 0103
8200 022E
8201 0000
8001 0103
8200 0230
8201 0000
8001 0103
8200 0232
8201 0000
8001 0103
8200 0234
8201 0079
8001 0103
8200 0236
8201 0001
8001 0103
8200 0238
8201 0000
8001 0103
8200 023A
8201 0001
8001 0103
8200 023C
8201 0001
8001 0103
8200 023E
8201 0001
8001 0103
8200 0240
8201 0000
8001 0103
8200 0242
8201 0001
8001 0103
8200 0244
8201 0001
8001 0103
8200 0246
8201 0000
8001 0103
8200 0248
8201 0001
8001 0103
8200 024A
8201 0000
8001 0103
8200 024C
8201 0001
8001 0103
8200 024E
8201 0000
8001 0103
8200 0250
8201 0001
8001 0103
8200 0252
8201 0000
8001 0103
8200 0254
8201 00FE
8001 0103
8200 0256
8201 00FE
8001 0103
8200 0258
8201 00FE
8001 0103
8200 025A
8201 00FE
8001 0103
8200 025C
8201 00FE
8001 0103
8200 025E
8201 00FE
8001 0103
8200 0260
8201 00FE
8001 0103
8200 0262
8201 0008
8001 0103
8200 0264
8201 0005
8001 0103
8200 0266
8201 0002
8001 0103
8200 0268
8201 0043
8001 0103
8200 026A
8201 0002
8001 0103
8200 026C
8201 0016
8001 0103
8200 026E
8201 00FE
8001 0103
8200 0270
8201 0000
8001 0103
8200 0272
8201 00FF
8001 0103
8200 0274
8201 00FF
8001 0103
8200 0276
8201 00FF
8001 0103
8200 0278
8201 00FF
8001 0103
8200 027A
8201 00FF
8001 0103
8200 027C
8201 00FF
8001 0103
8200 027E
8201 00FF
8001 0103
8200 0280
8201 0011
8001 0103
8200 0282
8201 000E
8001 0103
8200 0284
8201 000B
8001 0103
8200 0286
8201 0047
8001 0103
8200 0288
8201 0011
8001 0103
8200 028A
8201 0018
8001 0103
8200 028C
8201 00FF
8001 0103
8200 028E
8201 0000
8001 0103
8200 0290
8201 0002
8001 0103
8200 0292
8201 0000
8001 0103
8200 0294
8201 0001
8001 0103
8200 0296
8201 0007
8001 0103
8200 0298
8201 0000
8001 0103
8200 029A
8201 0000
8001 0103
8200 029C
8201 0000
8001 0103
8200 029E
8201 0000
8001 0103
8200 02A0
8201 0000
8001 0103
8200 02A2
8201 0078
8001 0103
8200 02A4
8201 0001
8001 0103
8200 02A6
8201 0000
8001 0103
8200 02A8
8201 0001
8001 0103
8200 02AA
8201 0001
8001 0103
8200 02AC
8201 0001
8001 0103
8200 02AE
8201 0000
8001 0103
8200 02B0
8201 0001
8001 0103
8200 02B2
8201 0001
8001 0103
8200 02B4
8201 0000
8001 0103
8200 02B6
8201 0001
8001 0103
8200 02B8
8201 0000
8001 0103
8200 02BA
8201 0001
8001 0103
8200 02BC
8201 0000
8001 0103
8200 02BE
8201 0001
8001 0103
8200 02C0
8201 0000
8001 0103
8200 02C2
8201 000A
8001 0103
8200 02C4
8201 001E
8001 0103
8200 02C6
8201 0032
8001 0103
8200 02C8
8201 0032
8001 0103
8200 02CA
8201 000A
8001 0103
8200 02CC
8201 001E
8001 0103
8200 02CE
8201 0032
8001 0103
8200 02D0
8201 00FE
8001 0103
8200 02D2
8201 00FE
8001 0103
8200 02D4
8201 00FE
8001 0103
8200 02D6
8201 00FE
8001 0103
8200 02D8
8201 00FE
8001 0103
8200 02DA
8201 00FE
8001 0103
8200 02DC
8201 00FE
8001 0103
8200 02DE
8201 0000
8001 0103
8200 02E0
8201 0046
8001 0103
8200 02E2
8201 005A
8001 0103
8200 02E4
8201 006E
8001 0103
8200 02E6
8201 006E
8001 0103
8200 02E8
8201 0046
8001 0103
8200 02EA
8201 005A
8001 0103
8200 02EC
8201 006E
8001 0103
8200 02EE
8201 00FF
8001 0103
8200 02F0
8201 00FF
8001 0103
8200 02F2
8201 00FF
8001 0103
8200 02F4
8201 00FF
8001 0103
8200 02F6
8201 00FF
8001 0103
8200 02F8
8201 00FF
8001 0103
8200 02FA
8201 00FF
8001 0103
8200 02FC
8201 0000
8001 0103
8200 02FE
8201 0002
8001 0103
8200 0300
8201 0000
8001 0103
8200 0302
8201 000C
8001 0103
8200 0304
8201 0008
8001 0103
8200 0306
8201 0000
8001 0103
8200 0308
8201 0000
8001 0103
8200 030A
8201 0003
8001 0103
8200 030C
8201 00C0
8001 0103
8200 030E
8201 0006
8001 0103
8200 0310
8201 0079
8001 0103
8200 0312
8201 0001
8001 0103
8200 0314
8201 0000
8001 0103
8200 0316
8201 0001
8001 0103
8200 0318
8201 0001
8001 0103
8200 031A
8201 0001
8001 0103
8200 031C
8201 0000
8001 0103
8200 031E
8201 0001
8001 0103
8200 0320
8201 0001
8001 0103
8200 0322
8201 0000
8001 0103
8200 0324
8201 0001
8001 0103
8200 0326
8201 0000
8001 0103
8200 0328
8201 0001
8001 0103
8200 032A
8201 0000
8001 0103
8200 032C
8201 0001
8001 0103
8200 032E
8201 0000
8001 0103
8200 0330
8201 00FE
8001 0103
8200 0332
8201 00FE
8001 0103
8200 0334
8201 00FE
8001 0103
8200 0336
8201 00FE
8001 0103
8200 0338
8201 00FE
8001 0103
8200 033A
8201 00FE
8001 0103
8200 033C
8201 00FE
8001 0103
8200 033E
8201 0008
8001 0103
8200 0340
8201 0005
8001 0103
8200 0342
8201 0002
8001 0103
8200 0344
8201 0043
8001 0103
8200 0346
8201 0002
8001 0103
8200 0348
8201 0016
8001 0103
8200 034A
8201 00FE
8001 0103
8200 034C
8201 0000
8001 0103
8200 034E
8201 00FF
8001 0103
8200 0350
8201 00FF
8001 0103
8200 0352
8201 00FF
8001 0103
8200 0354
8201 00FF
8001 0103
8200 0356
8201 00FF
8001 0103
8200 0358
8201 00FF
8001 0103
8200 035A
8201 00FF
8001 0103
8200 035C
8201 0011
8001 0103
8200 035E
8201 000E
8001 0103
8200 0360
8201 000B
8001 0103
8200 0362
8201 0047
8001 0103
8200 0364
8201 0011
8001 0103
8200 0366
8201 0018
8001 0103
8200 0368
8201 00FF
8001 0103
8200 036A
8201 0000
8001 0103
8200 036C
8201 0002
8001 0103
8200 036E
8201 0000
8001 0103
8200 0370
8201 0007
8001 0103
8200 0372
8201 0000
8001 0103
8200 0374
8201 0000
8001 0103
8200 0376
8201 0000
8001 0103
8200 0378
8201 0000
8001 0103
8200 037A
8201 0000
8001 0103
8200 037C
8201 0000
8001 0103
8200 037E
8201 0079
8001 0103
8200 0380
8201 0001
8001 0103
8200 0382
8201 0000
8001 0103
8200 0384
8201 0001
8001 0103
8200 0386
8201 0001
8001 0103
8200 0388
8201 0001
8001 0103
8200 038A
8201 0000
8001 0103
8200 038C
8201 0001
8001 0103
8200 038E
8201 0001
8001 0103
8200 0390
8201 0000
8001 0103
8200 0392
8201 0001
8001 0103
8200 0394
8201 0000
8001 0103
8200 0396
8201 0001
8001 0103
8200 0398
8201 0000
8001 0103
8200 039A
8201 0001
8001 0103
8200 039C
8201 0000
8001 0103
8200 039E
8201 00FE
8001 0103
8200 03A0
8201 00FE
8001 0103
8200 03A2
8201 00FE
8001 0103
8200 03A4
8201 00FE
8001 0103
8200 03A6
8201 00FE
8001 0103
8200 03A8
8201 00FE
8001 0103
8200 03AA
8201 00FE
8001 0103
8200 03AC
8201 0008
8001 0103
8200 03AE
8201 0005
8001 0103
8200 03B0
8201 0002
8001 0103
8200 03B2
8201 0043
8001 0103
8200 03B4
8201 0002
8001 0103
8200 03B6
8201 0016
8001 0103
8200 03B8
8201 00FE
8001 0103
8200 03BA
8201 0000
8001 0103
8200 03BC
8201 00FF
8001 0103
8200 03BE
8201 00FF
8001 0103
8200 03C0
8201 00FF
8001 0103
8200 03C2
8201 00FF
8001 0103
8200 03C4
8201 00FF
8001 0103
8200 03C6
8201 00FF
8001 0103
8200 03C8
8201 00FF
8001 0103
8200 03CA
8201 0011
8001 0103
8200 03CC
8201 000E
8001 0103
8200 03CE
8201 000B
8001 0103
8200 03D0
8201 0047
8001 0103
8200 03D2
8201 0011
8001 0103
8200 03D4
8201 0018
8001 0103
8200 03D6
8201 00FF
8001 0103
8200 03D8
8201 0000
8001 0103
8200 03DA
8201 0002
8001 0103
8200 03DC
8201 0000
8001 0103
8106 0000
