# Waveform settings File (Do not edit this line)

#***************

#***************

#***************

# There are 9 states with 52 paramters for each state.

# 5 parameters to control the flow of the state machine machine which are

# Passes_per_state(0-255), next_state(0-8), Loop_backs_for_state(In 4 addresses), Loop_state(0-8), End_cnt(0-255)

# 15 Initial Values (0-1) for v1, v2, v3, tg, f1, f2, f3, h1, h2, h3, sw, rg, cvt, sv, SP

# 15 clock_edge1 (0-255)  for v1, v2, v3, tg, f1, f2, f3, h1, h2, h3, sw, rg, cvt, sv, SP

# 15 clock_edge2 (0-255)  for v1, v2, v3, tg, f1, f2, f3, h1, h2, h3, sw, rg, cvt, sv, SP

# JTW 10/10/2012 - Modified file format by Adding 0x8000 to all address

#*********************

8200 0000

8201 0001

8001 0103

8200 0002

8201 0001

8001 0103

8200 0004

8201 0000

8001 0103

8200 0006

8201 0000

8001 0103

8200 0008

8201 0000

8001 0103

8200 000a

8201 0000

8001 0103

8200 000c

8201 0002

8001 0103

8200 000e

8201 0040

8001 0103

8200 0010

8201 0001

8001 0103

8200 0012

8201 0000

8001 0103

8200 0014

8201 0001

8001 0103

8200 0016

8201 0001

8001 0103

8200 0018

8201 0001

8001 0103

8200 001a

8201 0000

8001 0103

8200 001c

8201 0001

8001 0103

8200 001e

8201 0001

8001 0103

8200 0020

8201 0000

8001 0103

8200 0022

8201 0001

8001 0103

8200 0024

8201 0000

8001 0103

8200 0026

8201 0000

8001 0103

8200 0028

8201 0000

8001 0103

8200 002a

8201 0000

8001 0103

8200 002c

8201 0000

8001 0103

8200 002e

8201 000f

8001 0103

8200 0030

8201 0017

8001 0103

8200 0032

8201 001f

8001 0103

8200 0034

8201 0005

8001 0103

8200 0036

8201 000f

8001 0103

8200 0038

8201 0017

8001 0103

8200 003a

8201 001f

8001 0103

8200 003c

8201 00fe

8001 0103

8200 003e

8201 00fe

8001 0103

8200 0040

8201 00fe

8001 0103

8200 0042

8201 00fe

8001 0103

8200 0044

8201 00fe

8001 0103

8200 0046

8201 00fe

8001 0103

8200 0048

8201 00fe

8001 0103

8200 004a

8201 0000

8001 0103

8200 004c

8201 001f

8001 0103

8200 004e

8201 0027

8001 0103

8200 0050

8201 002f

8001 0103

8200 0052

8201 0039

8001 0103

8200 0054

8201 001f

8001 0103

8200 0056

8201 0027

8001 0103

8200 0058

8201 002f

8001 0103

8200 005a

8201 00ff

8001 0103

8200 005c

8201 00ff

8001 0103

8200 005e

8201 00ff

8001 0103

8200 0060

8201 00ff

8001 0103

8200 0062

8201 00ff

8001 0103

8200 0064

8201 00ff

8001 0103

8200 0066

8201 00ff

8001 0103

8200 0068

8201 0000

8001 0103

8200 006a

8201 0002

8001 0103

8200 006c

8201 0000

8001 0103

8200 006e

8201 000c

8001 0103

8200 0070

8201 0000

8001 0103

8200 0072

8201 0000

8001 0103

8200 0074

8201 0000

8001 0103

8200 0076

8201 0000

8001 0103

8200 0078

8201 0000

8001 0103

8200 007a

8201 0002

8001 0103

8200 007c

8201 0030

8001 0103

8200 007e

8201 0001

8001 0103

8200 0080

8201 0000

8001 0103

8200 0082

8201 0001

8001 0103

8200 0084

8201 0001

8001 0103

8200 0086

8201 0001

8001 0103

8200 0088

8201 0000

8001 0103

8200 008a

8201 0001

8001 0103

8200 008c

8201 0001

8001 0103

8200 008e

8201 0000

8001 0103

8200 0090

8201 0001

8001 0103

8200 0092

8201 0000

8001 0103

8200 0094

8201 0001

8001 0103

8200 0096

8201 0000

8001 0103

8200 0098

8201 0000

8001 0103

8200 009a

8201 0000

8001 0103

8200 009c

8201 00fe

8001 0103

8200 009e

8201 00fe

8001 0103

8200 00a0

8201 00fe

8001 0103

8200 00a2

8201 00fe

8001 0103

8200 00a4

8201 00fe

8001 0103

8200 00a6

8201 00fe

8001 0103

8200 00a8

8201 00fe

8001 0103

8200 00aa

8201 000f

8001 0103

8200 00ac

8201 000a

8001 0103

8200 00ae

8201 0005

8001 0103

8200 00b0

8201 0023

8001 0103

8200 00b2

8201 0005

8001 0103

8200 00b4

8201 00fe

8001 0103

8200 00b6

8201 00fe

8001 0103

8200 00b8

8201 0000

8001 0103

8200 00ba

8201 00ff

8001 0103

8200 00bc

8201 00ff

8001 0103

8200 00be

8201 00ff

8001 0103

8200 00c0

8201 00ff

8001 0103

8200 00c2

8201 00ff

8001 0103

8200 00c4

8201 00ff

8001 0103

8200 00c6

8201 00ff

8001 0103

8200 00c8

8201 0019

8001 0103

8200 00ca

8201 0014

8001 0103

8200 00cc

8201 000f

8001 0103

8200 00ce

8201 0029

8001 0103

8200 00d0

8201 0019

8001 0103

8200 00d2

8201 00ff

8001 0103

8200 00d4

8201 00ff

8001 0103

8200 00d6

8201 0000

8001 0103

8200 00d8

8201 0002

8001 0103

8200 00da

8201 0000

8001 0103

8200 00dc

8201 0001

8001 0103

8200 00de

8201 0003

8001 0103

8200 00e0

8201 0000

8001 0103

8200 00e2

8201 0000

8001 0103

8200 00e4

8201 0000

8001 0103

8200 00e6

8201 0000

8001 0103

8200 00e8

8201 0000

8001 0103

8200 00ea

8201 00c8

8001 0103

8200 00ec

8201 0001

8001 0103

8200 00ee

8201 0000

8001 0103

8200 00f0

8201 0001

8001 0103

8200 00f2

8201 0001

8001 0103

8200 00f4

8201 0001

8001 0103

8200 00f6

8201 0000

8001 0103

8200 00f8

8201 0001

8001 0103

8200 00fa

8201 0001

8001 0103

8200 00fc

8201 0000

8001 0103

8200 00fe

8201 0001

8001 0103

8200 0100

8201 0000

8001 0103

8200 0102

8201 0001

8001 0103

8200 0104

8201 0000

8001 0103

8200 0106

8201 0000

8001 0103

8200 0108

8201 0000

8001 0103

8200 010a

8201 00fe

8001 0103

8200 010c

8201 00fe

8001 0103

8200 010e

8201 00fe

8001 0103

8200 0110

8201 00fe

8001 0103

8200 0112

8201 00fe

8001 0103

8200 0114

8201 00fe

8001 0103

8200 0116

8201 00fe

8001 0103

8200 0118

8201 00fe

8001 0103

8200 011a

8201 00fe

8001 0103

8200 011c

8201 00fe

8001 0103

8200 011e

8201 00fe

8001 0103

8200 0120

8201 00fe

8001 0103

8200 0122

8201 00fe

8001 0103

8200 0124

8201 00fe

8001 0103

8200 0126

8201 0000

8001 0103

8200 0128

8201 00ff

8001 0103

8200 012a

8201 00ff

8001 0103

8200 012c

8201 00ff

8001 0103

8200 012e

8201 00ff

8001 0103

8200 0130

8201 00ff

8001 0103

8200 0132

8201 00ff

8001 0103

8200 0134

8201 00ff

8001 0103

8200 0136

8201 00ff

8001 0103

8200 0138

8201 00ff

8001 0103

8200 013a

8201 00ff

8001 0103

8200 013c

8201 00ff

8001 0103

8200 013e

8201 00ff

8001 0103

8200 0140

8201 00ff

8001 0103

8200 0142

8201 00ff

8001 0103

8200 0144

8201 0000

8001 0103

8200 0146

8201 0002

8001 0103

8200 0148

8201 0000

8001 0103

8200 014a

8201 0001

8001 0103

8200 014c

8201 0004

8001 0103

8200 014e

8201 0000

8001 0103

8200 0150

8201 0000

8001 0103

8200 0152

8201 0001

8001 0103

8200 0154

8201 00e0

8001 0103

8200 0156

8201 0003

8001 0103

8200 0158

8201 0034

8001 0103

8200 015a

8201 0001

8001 0103

8200 015c

8201 0000

8001 0103

8200 015e

8201 0001

8001 0103

8200 0160

8201 0001

8001 0103

8200 0162

8201 0001

8001 0103

8200 0164

8201 0000

8001 0103

8200 0166

8201 0001

8001 0103

8200 0168

8201 0001

8001 0103

8200 016a

8201 0000

8001 0103

8200 016c

8201 0001

8001 0103

8200 016e

8201 0000

8001 0103

8200 0170

8201 0000

8001 0103

8200 0172

8201 0000

8001 0103

8200 0174

8201 0000

8001 0103

8200 0176

8201 0000

8001 0103

8200 0178

8201 000f

8001 0103

8200 017a

8201 0017

8001 0103

8200 017c

8201 001f

8001 0103

8200 017e

8201 0005

8001 0103

8200 0180

8201 000f

8001 0103

8200 0182

8201 0017

8001 0103

8200 0184

8201 001f

8001 0103

8200 0186

8201 00fe

8001 0103

8200 0188

8201 00fe

8001 0103

8200 018a

8201 00fe

8001 0103

8200 018c

8201 00fe

8001 0103

8200 018e

8201 00fe

8001 0103

8200 0190

8201 00fe

8001 0103

8200 0192

8201 00fe

8001 0103

8200 0194

8201 0000

8001 0103

8200 0196

8201 001f

8001 0103

8200 0198

8201 0027

8001 0103

8200 019a

8201 002f

8001 0103

8200 019c

8201 002f

8001 0103

8200 019e

8201 001f

8001 0103

8200 01a0

8201 0027

8001 0103

8200 01a2

8201 002f

8001 0103

8200 01a4

8201 00ff

8001 0103

8200 01a6

8201 00ff

8001 0103

8200 01a8

8201 00ff

8001 0103

8200 01aa

8201 00ff

8001 0103

8200 01ac

8201 00ff

8001 0103

8200 01ae

8201 00ff

8001 0103

8200 01b0

8201 00ff

8001 0103

8200 01b2

8201 0000

8001 0103

8200 01b4

8201 0002

8001 0103

8200 01b6

8201 0000

8001 0103

8200 01b8

8201 0007

8001 0103

8200 01ba

8201 0005

8001 0103

8200 01bc

8201 0000

8001 0103

8200 01be

8201 0000

8001 0103

8200 01c0

8201 0000

8001 0103

8200 01c2

8201 0000

8001 0103

8200 01c4

8201 0002

8001 0103

8200 01c6

8201 00c0

8001 0103

8200 01c8

8201 0001

8001 0103

8200 01ca

8201 0000

8001 0103

8200 01cc

8201 0001

8001 0103

8200 01ce

8201 0001

8001 0103

8200 01d0

8201 0001

8001 0103

8200 01d2

8201 0000

8001 0103

8200 01d4

8201 0001

8001 0103

8200 01d6

8201 0001

8001 0103

8200 01d8

8201 0000

8001 0103

8200 01da

8201 0001

8001 0103

8200 01dc

8201 0000

8001 0103

8200 01de

8201 0001

8001 0103

8200 01e0

8201 0000

8001 0103

8200 01e2

8201 0000

8001 0103

8200 01e4

8201 0000

8001 0103

8200 01e6

8201 00fe

8001 0103

8200 01e8

8201 00fe

8001 0103

8200 01ea

8201 00fe

8001 0103

8200 01ec

8201 00fe

8001 0103

8200 01ee

8201 00fe

8001 0103

8200 01f0

8201 00fe

8001 0103

8200 01f2

8201 00fe

8001 0103

8200 01f4

8201 000e

8001 0103

8200 01f6

8201 0009

8001 0103

8200 01f8

8201 0004

8001 0103

8200 01fa

8201 0042

8001 0103

8200 01fc

8201 0004

8001 0103

8200 01fe

8201 001a

8001 0103

8200 0200

8201 00fe

8001 0103

8200 0202

8201 0000

8001 0103

8200 0204

8201 00ff

8001 0103

8200 0206

8201 00ff

8001 0103

8200 0208

8201 00ff

8001 0103

8200 020a

8201 00ff

8001 0103

8200 020c

8201 00ff

8001 0103

8200 020e

8201 00ff

8001 0103

8200 0210

8201 00ff

8001 0103

8200 0212

8201 0018

8001 0103

8200 0214

8201 0013

8001 0103

8200 0216

8201 000e

8001 0103

8200 0218

8201 004a

8001 0103

8200 021a

8201 0018

8001 0103

8200 021c

8201 0020

8001 0103

8200 021e

8201 00ff

8001 0103

8200 0220

8201 0000

8001 0103

8200 0222

8201 0002

8001 0103

8200 0224

8201 0000

8001 0103

8200 0226

8201 0005

8001 0103

8200 0228

8201 0006

8001 0103

8200 022a

8201 0000

8001 0103

8200 022c

8201 0000

8001 0103

8200 022e

8201 0000

8001 0103

8200 0230

8201 0000

8001 0103

8200 0232

8201 0002

8001 0103

8200 0234

8201 0066

8001 0103

8200 0236

8201 0001

8001 0103

8200 0238

8201 0000

8001 0103

8200 023a

8201 0001

8001 0103

8200 023c

8201 0001

8001 0103

8200 023e

8201 0001

8001 0103

8200 0240

8201 0000

8001 0103

8200 0242

8201 0001

8001 0103

8200 0244

8201 0001

8001 0103

8200 0246

8201 0000

8001 0103

8200 0248

8201 0001

8001 0103

8200 024a

8201 0000

8001 0103

8200 024c

8201 0001

8001 0103

8200 024e

8201 0000

8001 0103

8200 0250

8201 0001

8001 0103

8200 0252

8201 0000

8001 0103

8200 0254

8201 00fe

8001 0103

8200 0256

8201 00fe

8001 0103

8200 0258

8201 00fe

8001 0103

8200 025a

8201 00fe

8001 0103

8200 025c

8201 00fe

8001 0103

8200 025e

8201 00fe

8001 0103

8200 0260

8201 00fe

8001 0103

8200 0262

8201 000e

8001 0103

8200 0264

8201 0009

8001 0103

8200 0266

8201 0004

8001 0103

8200 0268

8201 0042

8001 0103

8200 026a

8201 0004

8001 0103

8200 026c

8201 001a

8001 0103

8200 026e

8201 00fe

8001 0103

8200 0270

8201 0000

8001 0103

8200 0272

8201 00ff

8001 0103

8200 0274

8201 00ff

8001 0103

8200 0276

8201 00ff

8001 0103

8200 0278

8201 00ff

8001 0103

8200 027a

8201 00ff

8001 0103

8200 027c

8201 00ff

8001 0103

8200 027e

8201 00ff

8001 0103

8200 0280

8201 0018

8001 0103

8200 0282

8201 0013

8001 0103

8200 0284

8201 000e

8001 0103

8200 0286

8201 004a

8001 0103

8200 0288

8201 0018

8001 0103

8200 028a

8201 0020

8001 0103

8200 028c

8201 00ff

8001 0103

8200 028e

8201 0000

8001 0103

8200 0290

8201 0002

8001 0103

8200 0292

8201 0000

8001 0103

8200 0294

8201 0001

8001 0103

8200 0296

8201 0007

8001 0103

8200 0298

8201 0000

8001 0103

8200 029a

8201 0000

8001 0103

8200 029c

8201 0000

8001 0103

8200 029e

8201 0000

8001 0103

8200 02a0

8201 0002

8001 0103

8200 02a2

8201 0034

8001 0103

8200 02a4

8201 0001

8001 0103

8200 02a6

8201 0000

8001 0103

8200 02a8

8201 0001

8001 0103

8200 02aa

8201 0001

8001 0103

8200 02ac

8201 0001

8001 0103

8200 02ae

8201 0000

8001 0103

8200 02b0

8201 0001

8001 0103

8200 02b2

8201 0001

8001 0103

8200 02b4

8201 0000

8001 0103

8200 02b6

8201 0001

8001 0103

8200 02b8

8201 0000

8001 0103

8200 02ba

8201 0000

8001 0103

8200 02bc

8201 0000

8001 0103

8200 02be

8201 0001

8001 0103

8200 02c0

8201 0000

8001 0103

8200 02c2

8201 00fe

8001 0103

8200 02c4

8201 00fe

8001 0103

8200 02c6

8201 00fe

8001 0103

8200 02c8

8201 0005

8001 0103

8200 02ca

8201 000f

8001 0103

8200 02cc

8201 0017

8001 0103

8200 02ce

8201 001f

8001 0103

8200 02d0

8201 00fe

8001 0103

8200 02d2

8201 00fe

8001 0103

8200 02d4

8201 00fe

8001 0103

8200 02d6

8201 00fe

8001 0103

8200 02d8

8201 00fe

8001 0103

8200 02da

8201 00fe

8001 0103

8200 02dc

8201 00fe

8001 0103

8200 02de

8201 0000

8001 0103

8200 02e0

8201 00ff

8001 0103

8200 02e2

8201 00ff

8001 0103

8200 02e4

8201 00ff

8001 0103

8200 02e6

8201 002f

8001 0103

8200 02e8

8201 001f

8001 0103

8200 02ea

8201 0027

8001 0103

8200 02ec

8201 002f

8001 0103

8200 02ee

8201 00ff

8001 0103

8200 02f0

8201 00ff

8001 0103

8200 02f2

8201 00ff

8001 0103

8200 02f4

8201 00ff

8001 0103

8200 02f6

8201 00ff

8001 0103

8200 02f8

8201 00ff

8001 0103

8200 02fa

8201 00ff

8001 0103

8200 02fc

8201 0000

8001 0103

8200 02fe

8201 0002

8001 0103

8200 0300

8201 0000

8001 0103

8200 0302

8201 000c

8001 0103

8200 0304

8201 0008

8001 0103

8200 0306

8201 0000

8001 0103

8200 0308

8201 0000

8001 0103

8200 030a

8201 0001

8001 0103

8200 030c

8201 00e0

8001 0103

8200 030e

8201 0006

8001 0103

8200 0310

8201 0066

8001 0103

8200 0312

8201 0001

8001 0103

8200 0314

8201 0000

8001 0103

8200 0316

8201 0001

8001 0103

8200 0318

8201 0001

8001 0103

8200 031a

8201 0001

8001 0103

8200 031c

8201 0000

8001 0103

8200 031e

8201 0001

8001 0103

8200 0320

8201 0001

8001 0103

8200 0322

8201 0000

8001 0103

8200 0324

8201 0001

8001 0103

8200 0326

8201 0000

8001 0103

8200 0328

8201 0001

8001 0103

8200 032a

8201 0000

8001 0103

8200 032c

8201 0001

8001 0103

8200 032e

8201 0000

8001 0103

8200 0330

8201 00fe

8001 0103

8200 0332

8201 00fe

8001 0103

8200 0334

8201 00fe

8001 0103

8200 0336

8201 00fe

8001 0103

8200 0338

8201 00fe

8001 0103

8200 033a

8201 00fe

8001 0103

8200 033c

8201 00fe

8001 0103

8200 033e

8201 000e

8001 0103

8200 0340

8201 0009

8001 0103

8200 0342

8201 0004

8001 0103

8200 0344

8201 0042

8001 0103

8200 0346

8201 0004

8001 0103

8200 0348

8201 001a

8001 0103

8200 034a

8201 00fe

8001 0103

8200 034c

8201 0000

8001 0103

8200 034e

8201 00ff

8001 0103

8200 0350

8201 00ff

8001 0103

8200 0352

8201 00ff

8001 0103

8200 0354

8201 00ff

8001 0103

8200 0356

8201 00ff

8001 0103

8200 0358

8201 00ff

8001 0103

8200 035a

8201 00ff

8001 0103

8200 035c

8201 0018

8001 0103

8200 035e

8201 0013

8001 0103

8200 0360

8201 000e

8001 0103

8200 0362

8201 004a

8001 0103

8200 0364

8201 0018

8001 0103

8200 0366

8201 0020

8001 0103

8200 0368

8201 00ff

8001 0103

8200 036a

8201 0000

8001 0103

8200 036c

8201 0002

8001 0103

8200 036e

8201 0000

8001 0103

8200 0370

8201 0007

8001 0103

8200 0372

8201 0000

8001 0103

8200 0374

8201 0000

8001 0103

8200 0376

8201 0000

8001 0103

8200 0378

8201 0000

8001 0103

8200 037a

8201 0000

8001 0103

8200 037c

8201 0002

8001 0103

8200 037e

8201 0070

8001 0103

8200 0380

8201 0001

8001 0103

8200 0382

8201 0000

8001 0103

8200 0384

8201 0001

8001 0103

8200 0386

8201 0001

8001 0103

8200 0388

8201 0001

8001 0103

8200 038a

8201 0000

8001 0103

8200 038c

8201 0001

8001 0103

8200 038e

8201 0001

8001 0103

8200 0390

8201 0000

8001 0103

8200 0392

8201 0001

8001 0103

8200 0394

8201 0000

8001 0103

8200 0396

8201 0001

8001 0103

8200 0398

8201 0000

8001 0103

8200 039a

8201 0001

8001 0103

8200 039c

8201 0000

8001 0103

8200 039e

8201 00fe

8001 0103

8200 03a0

8201 00fe

8001 0103

8200 03a2

8201 00fe

8001 0103

8200 03a4

8201 00fe

8001 0103

8200 03a6

8201 00fe

8001 0103

8200 03a8

8201 00fe

8001 0103

8200 03aa

8201 00fe

8001 0103

8200 03ac

8201 000e

8001 0103

8200 03ae

8201 0009

8001 0103

8200 03b0

8201 0004

8001 0103

8200 03b2

8201 0042

8001 0103

8200 03b4

8201 0004

8001 0103

8200 03b6

8201 001a

8001 0103

8200 03b8

8201 00fe

8001 0103

8200 03ba

8201 0000

8001 0103

8200 03bc

8201 00ff

8001 0103

8200 03be

8201 00ff

8001 0103

8200 03c0

8201 00ff

8001 0103

8200 03c2

8201 00ff

8001 0103

8200 03c4

8201 00ff

8001 0103

8200 03c6

8201 00ff

8001 0103

8200 03c8

8201 00ff

8001 0103

8200 03ca

8201 0018

8001 0103

8200 03cc

8201 0013

8001 0103

8200 03ce

8201 000e

8001 0103

8200 03d0

8201 004a

8001 0103

8200 03d2

8201 0018

8001 0103

8200 03d4

8201 0020

8001 0103

8200 03d6

8201 00ff

8001 0103

8200 03d8

8201 0000

8001 0103

8200 03da

8201 0002

8001 0103

8200 03dc

8201 0000

8001 0103

8106 0000
